-2.801844098709138087e-01 -4.916580278695757006e-02 -2.168522563843535700e+00 1.477884735038835773e-01 1.864706846063357792e+00 9.293480394073272421e-01 1.713342389615762629e-01 1.371072383051431087e+00 -4.094064550561912763e-01 0.000000000000000000e+00 0.000000000000000000e+00
5.303530664394074945e-01 -7.698684816486019988e-01 1.008575604331863641e-02 -2.180926860417914392e-02 -3.221284709911103050e-01 -2.082148075848202495e-01 -3.587465068026780002e-01 -3.647472436900157100e-01 2.858645152728283456e+00 4.340981856931168670e-01 7.108755199149868753e-01
0.000000000000000000e+00 -1.122948467124009614e-02 -4.289910038586184360e-01 0.000000000000000000e+00 9.038328198190412333e-02 0.000000000000000000e+00 -9.083716608300074213e-02 4.834681183718737008e-01 -5.544481055328905894e-01 6.097626694397123570e-01 2.400145378017702891e-01
2.162523242528650025e-01 0.000000000000000000e+00 0.000000000000000000e+00 -5.696956722397160666e-01 -6.126998527825278096e-01 2.329289861641668846e+00 4.638277708309173630e-01 -4.313082259421524789e+00 -7.390222501632990326e-01 -8.030776932108374400e-01 1.722742685311314581e+00
5.231260352579281819e-02 -3.592493083950906718e-02 1.395135490285544622e+00 -4.813853012967023171e-02 -1.363384291891574174e+00 0.000000000000000000e+00 -3.254320798151627003e-01 -2.061541128220514718e+00 -8.497325914560263094e-01 3.374588281500826792e+00 5.591846449058299751e-01
-4.994873291083643668e-02 5.335950656722132646e-01 1.040648357876936103e+00 -2.718967134731850588e-01 -7.566771146675211890e-01 -5.846194463902637750e+00 -5.079418198965760523e-01 -2.683761115333777258e+00 5.242474993397461702e+00 -7.082278822957792652e-01 6.821081182117644248e-01
1.662032514527633786e-01 -3.635581196165958429e-01 1.274241871093447998e+00 -1.703487622884784780e-01 -1.332004596768016524e+00 -3.459667866930486446e-01 -7.061706929262565602e-01 0.000000000000000000e+00 -1.973711787781553983e+00 1.208421246336558319e+01 -6.878273317758485383e-01
8.865490931480275727e-02 0.000000000000000000e+00 2.457274782679247149e+00 -8.744635571657544126e-02 -1.262717854890919478e+00 0.000000000000000000e+00 -3.298196361082891270e-01 -7.238512486309384819e+00 -1.685694712059792932e+00 4.817286049652438895e-01 1.056007914457621766e+00
7.706130952375025989e-02 -4.034655038229478796e-01 -4.403406591643333479e-01 -3.420785540369650213e-01 -3.193642512815831891e-01 -1.737397028966272405e-01 -5.020249809395829210e-01 -2.572755526670907678e+00 -1.752283077798464106e+01 1.506296313947264842e+01 4.196336607601120483e-01
4.034354727323764545e-01 1.019224794556992247e-01 5.159655844340029773e-01 0.000000000000000000e+00 7.606179129602542721e-01 -1.175572661145516395e-01 -3.627962063807851356e-01 -3.690324900278245224e+00 -6.759563951681674787e+00 -8.925690262740802794e+00 -1.171289003427565395e-01
4.865697966801848517e-01 -4.803678111507259096e-01 1.535937082919366370e+00 0.000000000000000000e+00 1.051117079020773976e-01 0.000000000000000000e+00 4.133065426509759804e-02 -5.462155547952435297e-01 -2.724091578446577344e+00 1.475559307608700577e+00 -2.223260532997206607e+00
