-5.045927194581274478e-01 -2.327279533146130730e-01 -1.775258591173374478e+00 3.709453334456955242e-02 1.821066154713389285e+00 6.516930013804326238e-01 2.264100345343500742e-01 4.493677636249123197e-01 3.147715970621308146e-01 -9.907902330287640669e-02 -6.877827564237342095e-01
2.889373841493610429e-01 -9.413976951389261272e-01 -9.391328789212264327e-01 -1.475050893317213785e-01 6.115925610288073244e-01 -2.795698263638776160e-01 -2.688096910533480099e-01 1.866541958033459958e-01 1.888461439633842165e+00 7.069894716719148098e-02 -1.756162314441439831e-01
-1.189782607683020216e-01 -1.169864202155007915e-01 -1.228392020534565532e+00 0.000000000000000000e+00 1.176983763476918465e+00 0.000000000000000000e+00 5.812789099359698397e-02 4.081631124558817714e-01 3.966830388591300327e-01 2.780025611862375207e-03 -4.528369326847986320e-01
-4.131410348852400383e-02 -1.597438667642285259e-01 -1.323090393791070074e+00 -6.067464945803868748e-01 1.626758325000348671e-01 1.529132358567975247e+00 6.135250665363369826e-01 -1.669545750179501908e-01 2.673489631880257567e-01 -2.419250090053133850e-01 2.899211869087111038e-01
-4.652353081520356481e-02 -1.056487174550028718e-01 -3.418805608334845036e-01 -1.625394994245064548e-02 2.201847767186033977e-01 -2.412763466219568567e-02 -6.025584395901722318e-02 1.571565922202281251e-01 3.570921483435754440e-01 2.790505814403882456e-01 -2.740460532795371829e-01
3.066414874896914930e-02 5.023788299574980520e-01 -2.246587516968788500e-01 -4.339975371911729968e-02 5.244365287830879963e-01 -3.949233449062983681e+00 -1.018792676605328185e-01 1.828914356558015986e-01 2.900378220165148235e+00 -8.828811253733717668e-02 1.070595036722883781e-01
2.130314251543639903e-01 -2.717876564896226643e-01 -5.436644036035919586e-02 -8.591379232926182885e-02 4.285143698242157018e-01 -1.420784601967880478e-01 -3.391975590490535764e-01 2.326932368155947839e-01 7.167776490676085188e-02 1.139908443384193504e+00 -1.012658057873612849e+00
6.226494806326851039e-01 3.616267264805542725e-01 -6.463299335776628851e-01 3.885046856746121602e-01 1.210633178880329730e+00 4.855947859919437781e-01 5.459719756048290185e-01 3.329635934682912413e-01 -5.486666421826625673e+00 1.327061377230804862e+00 2.530610737523751874e-01
5.220195744352966738e-01 4.326336569438251067e-01 -2.615166332415763684e-01 3.115525642835751396e-01 1.544777470021271526e+00 1.884962721197585567e-01 4.774229177221598480e-02 3.631008389034572903e-01 -1.975580092349894956e+00 -1.065802311640293043e+00 -4.815038835383670945e-01
4.976515617347176956e-01 -3.186117405770051425e-01 9.861140060726943102e-02 7.381590124573031951e-03 1.448276201283973608e+00 2.596669979198513653e-02 2.019624890908749693e-01 4.164877071325256974e-01 -4.244689016333911269e-01 3.087635693519795443e-02 -2.117419445341400142e+00
