-5.860131274114497302e-01 2.416261121338875162e-01 -2.210960084675237081e+00 5.416765239966672696e-02 2.093040597560775318e+00 5.871318382539466585e-01 4.247443432451329381e-01 3.844588912488548504e-01 5.065347518394695825e-02 -3.511482962001987396e+00 4.448762512038451633e-01
1.741877182364930110e-01 -5.864842568837536074e-01 -7.411173356711187044e-01 5.416765239966672696e-02 3.062280228787473968e-01 0.000000000000000000e+00 2.456662875781208677e-01 9.380200006694519588e-02 3.196119624624583988e+00 -3.511482962001987396e+00 7.592009202034293303e-01
-1.962822182995302145e-01 2.416261121338875162e-01 -1.617791584269825611e+00 5.416765239966672696e-02 1.217295442156216545e+00 0.000000000000000000e+00 3.226901392659015655e-01 6.496148720062221438e-01 2.816475602568406233e-01 -3.511482962001987396e+00 5.613654860733818808e-01
-1.962822182995302145e-01 2.416261121338875162e-01 -1.256781977126440797e+00 -5.081367139319352688e-01 -1.676313207225536006e-01 1.728051368309152291e+00 9.187880950328530805e-01 0.000000000000000000e+00 9.797269599752458924e-02 -3.657570152640546191e+00 1.122529044751062077e+00
-1.962822182995302145e-01 2.416261121338875162e-01 3.951091067548925806e-02 5.416765239966672696e-02 -4.450255845066660720e-01 0.000000000000000000e+00 3.226901392659015655e-01 0.000000000000000000e+00 1.678169055432236767e-01 -3.113352763346049823e+00 6.960123611858730630e-01
-2.303631933288297073e-01 6.397590517788189768e-01 7.387744016307323802e-02 5.416765239966672696e-02 -1.467083109962316056e-01 -4.986426787614586686e+00 2.879135507100095692e-01 0.000000000000000000e+00 5.220955118102547310e+00 -3.511482962001987396e+00 7.592009202034293303e-01
-1.962822182995302145e-01 2.416261121338875162e-01 2.053213063628782087e-01 5.416765239966672696e-02 -5.386833878079980709e-01 -0.000000000000000000e+00 3.226901392659015655e-01 -0.000000000000000000e+00 -0.000000000000000000e+00 -3.511482962001987396e+00 7.592009202034293303e-01
6.221538915964811012e-02 2.416261121338875162e-01 -1.046147821233433639e+00 5.416765239966672696e-02 4.682817506538473618e-01 0.000000000000000000e+00 3.226901392659015655e-01 0.000000000000000000e+00 -1.060767952068060893e+01 1.112527678824756450e+00 7.592009202034293303e-01
3.410217771148471577e-01 6.712120687358980042e-01 -1.264966294351283493e-01 2.932468515758906991e-01 1.172616838651389770e+00 0.000000000000000000e+00 3.226901392659015655e-01 0.000000000000000000e+00 -3.068828246361903211e+00 -6.549787979592272436e+00 4.214957858950024727e-01
1.919516246367871382e-01 -1.133221678890861672e-01 2.053213063628782087e-01 5.416765239966672696e-02 1.208543907912239312e+00 0.000000000000000000e+00 5.090155103570663808e-01 3.775520927004977212e-01 -2.138750703856665270e-01 -3.511482962001987396e+00 -1.935486404503855784e+00
