sampleID	isIncluded	subjectID	measurementID	perturbID	exptblock	intv	intv2
1	1	1	1	0	1	0	0
2	1	1	2	0	1	0	0
3	1	1	3	0	1	0	0
4	1	1	4	0	1	0	0
5	1	1	5	0	1	0	0
6	1	1	6	0	1	0	0
7	1	1	7	0	1	0	0
8	1	1	8	0	1	0	0
9	1	1	9	0	1	0	0
10	1	1	10	0	1	0	0
11	1	1	11	0	1	0	0
12	1	1	12	0	1	0	0
13	1	1	13	0	1	0	0
14	1	1	14	0	1	-1	-1
15	1	1	15	0	1	-1	-1
16	1	1	16	0	1	-1	-1
17	1	1	17	0	1	-1	-1
18	1	1	18	0	1	-1	-1
19	1	1	19	0	1	-1	-1
20	1	1	20	0	1	-1	-1
21	1	1	21	0	1	-1	-1
22	1	1	23	0	1	-1	-1
23	1	1	25	0	1	-1	-1
24	1	1	27	0	1	-1	-1
25	1	1	29	0	1	-1	-1
26	1	1	31	0	1	-1	-1
27	1	1	33	0	1	-1	-1
28	1	1	35	1	1	-1	-1
29	1	1	36	1	1	-1	-1
30	1	1	37	1	1	-1	-1
31	1	1	38	1	1	-1	-1
32	1	1	39	1	1	-1	-1
33	1	1	40	1	1	-1	-1
34	1	1	41	1	1	-1	-1
35	1	1	42	1	1	-1	-1
36	1	1	43	1	1	-1	-1
37	1	1	44	1	1	-1	-1
38	1	1	45	1	1	-1	-1
39	1	1	46	1	1	-1	-1
40	1	1	47	1	1	-1	-1
41	1	1	48	1	1	-1	-1
42	1	1	49	1	1	-1	-1
43	1	1	50	0	1	-1	-1
44	1	1	51	0	1	-1	-1
45	1	1	52	0	1	-1	-1
46	1	1	53	0	1	-1	-1
47	1	1	54	0	1	-1	-1
48	1	1	55	0	1	-1	-1
49	1	1	56	0	1	-1	-1
50	1	1	57	0	1	-1	-1
51	1	1	58	0	1	-1	-1
52	1	1	59	0	1	-1	-1
53	1	1	60	0	1	-1	-1
54	1	1	62	0	1	-1	-1
55	1	1	63	0	1	-1	-1
56	1	1	65	0	1	-1	-1
57	1	2	1	0	1	-1	-1
58	1	2	2	0	1	-1	-1
59	1	2	3	0	1	-1	-1
60	1	2	4	0	1	-1	-1
61	1	2	5	0	1	-1	-1
62	1	2	6	0	1	-1	-1
63	1	2	7	0	1	-1	-1
64	1	2	8	0	1	-1	-1
65	1	2	9	0	1	-1	-1
66	1	2	10	0	1	-1	-1
67	1	2	11	0	1	-1	-1
68	1	2	12	0	1	-1	-1
69	1	2	13	0	1	-1	-1
70	1	2	14	0	1	-1	-1
71	1	2	15	0	1	-1	-1
72	1	2	16	0	1	-1	-1
73	1	2	17	0	1	-1	-1
74	1	2	18	0	1	-1	-1
75	1	2	19	0	1	-1	-1
76	1	2	20	0	1	-1	-1
77	1	2	21	0	1	-1	-1
78	1	2	23	0	1	-1	-1
79	1	2	25	0	1	-1	-1
80	1	2	27	0	1	-1	-1
81	1	2	29	0	1	-1	-1
82	1	2	31	0	1	-1	-1
83	1	2	33	0	1	-1	-1
84	1	2	35	1	1	-1	-1
85	1	2	36	1	1	-1	-1
86	1	2	37	1	1	-1	-1
87	1	2	38	1	1	-1	-1
88	1	2	39	1	1	-1	-1
89	1	2	40	1	1	-1	-1
90	1	2	41	1	1	-1	-1
91	1	2	42	1	1	-1	-1
92	1	2	43	1	1	-1	-1
93	1	2	44	1	1	-1	-1
94	1	2	45	1	1	-1	-1
95	1	2	46	1	1	-1	-1
96	1	2	47	1	1	-1	-1
97	1	2	48	1	1	-1	-1
98	1	2	49	1	1	-1	-1
99	1	2	50	0	1	-1	-1
100	1	2	51	0	1	-1	-1
101	1	2	52	0	1	-1	-1
102	1	2	53	0	1	-1	-1
103	1	2	54	0	1	-1	-1
104	1	2	55	0	1	-1	-1
105	1	2	56	0	1	-1	-1
106	1	2	57	0	1	-1	-1
107	1	2	58	0	1	-1	-1
108	1	2	59	0	1	-1	-1
109	1	2	60	0	1	-1	-1
110	1	2	62	0	1	-1	-1
111	1	2	63	0	1	-1	-1
112	1	2	65	0	1	-1	-1
113	1	3	1	0	1	-1	-1
114	1	3	2	0	1	-1	-1
115	1	3	3	0	1	-1	-1
116	1	3	4	0	1	-1	-1
117	1	3	5	0	1	-1	-1
118	1	3	6	0	1	-1	-1
119	1	3	7	0	1	-1	-1
120	1	3	8	0	1	-1	-1
121	1	3	9	0	1	-1	-1
122	1	3	10	0	1	-1	-1
123	1	3	11	0	1	-1	-1
124	1	3	12	0	1	-1	-1
125	1	3	13	0	1	-1	-1
126	1	3	14	0	1	-1	-1
127	1	3	15	0	1	-1	-1
128	1	3	16	0	1	-1	-1
129	1	3	17	0	1	-1	-1
130	1	3	18	0	1	-1	-1
131	1	3	19	0	1	-1	-1
132	1	3	20	0	1	-1	-1
133	1	3	21	0	1	-1	-1
134	1	3	23	0	1	-1	-1
135	1	3	25	0	1	-1	-1
136	1	3	27	0	1	-1	-1
137	1	3	29	0	1	-1	-1
138	1	3	31	0	1	-1	-1
139	1	3	33	0	1	-1	-1
140	1	3	35	1	1	-1	-1
141	1	3	36	1	1	-1	-1
142	1	3	37	1	1	-1	-1
143	1	3	38	1	1	-1	-1
144	1	3	39	1	1	-1	-1
145	1	3	40	1	1	-1	-1
146	1	3	41	1	1	-1	-1
147	1	3	42	1	1	-1	-1
148	1	3	43	1	1	-1	-1
149	1	3	44	1	1	-1	-1
150	1	3	45	1	1	-1	-1
151	1	3	46	1	1	-1	-1
152	1	3	47	1	1	-1	-1
153	1	3	48	1	1	-1	-1
154	1	3	49	1	1	-1	-1
155	1	3	50	0	1	-1	-1
156	1	3	51	0	1	-1	-1
157	1	3	52	0	1	-1	-1
158	1	3	53	0	1	-1	-1
159	1	3	54	0	1	-1	-1
160	1	3	55	0	1	-1	-1
161	1	3	56	0	1	-1	-1
162	1	3	57	0	1	-1	-1
163	1	3	58	0	1	-1	-1
164	1	3	59	0	1	-1	-1
165	1	3	60	0	1	-1	-1
166	1	3	62	0	1	-1	-1
167	1	3	63	0	1	-1	-1
168	1	3	65	0	1	-1	-1
169	1	4	1	0	2	-1	-1
170	1	4	2	0	2	-1	-1
171	1	4	3	0	2	-1	-1
172	1	4	4	0	2	-1	-1
173	1	4	5	0	2	-1	-1
174	1	4	6	0	2	-1	-1
175	1	4	7	0	2	-1	-1
176	1	4	8	0	2	-1	-1
177	1	4	9	0	2	-1	-1
178	1	4	10	0	2	-1	-1
179	1	4	11	0	2	-1	-1
180	1	4	12	0	2	-1	-1
181	1	4	13	0	2	-1	-1
182	1	4	14	0	2	-1	-1
183	1	4	15	0	2	-1	-1
184	1	4	16	0	2	-1	-1
185	1	4	17	0	2	-1	-1
186	1	4	18	0	2	-1	-1
187	1	4	19	0	2	-1	-1
188	1	4	20	0	2	-1	-1
189	1	4	21	0	2	-1	-1
190	1	4	23	0	2	-1	-1
191	1	4	25	0	2	-1	-1
192	1	4	27	0	2	-1	-1
193	1	4	29	0	2	-1	-1
194	1	5	1	0	1	-1	-1
195	1	5	2	0	1	-1	-1
196	1	5	3	0	1	-1	-1
197	1	5	4	0	1	-1	-1
198	1	5	5	0	1	-1	-1
199	1	5	6	0	1	-1	-1
200	1	5	7	0	1	-1	-1
201	1	5	8	0	1	-1	-1
202	1	5	9	0	1	-1	-1
203	1	5	10	0	1	-1	-1
204	1	5	11	0	1	-1	-1
205	1	5	12	0	1	-1	-1
206	1	5	13	0	1	-1	-1
207	1	5	14	0	1	-1	-1
208	1	5	15	0	1	-1	-1
209	1	5	16	0	1	-1	-1
210	1	5	17	0	1	-1	-1
211	1	5	18	0	1	-1	-1
212	1	5	19	0	1	-1	-1
213	1	5	20	0	1	-1	-1
214	1	5	21	0	1	-1	-1
215	1	5	23	0	1	-1	-1
216	1	5	25	0	1	-1	-1
217	1	5	27	0	1	-1	-1
218	1	5	29	0	1	-1	-1
219	1	5	31	0	1	-1	-1
220	1	5	33	0	1	-1	-1
221	1	5	35	1	1	-1	-1
222	1	5	36	1	1	-1	-1
223	1	5	37	1	1	-1	-1
224	1	5	38	1	1	-1	-1
225	1	5	39	1	1	-1	-1
226	1	5	40	1	1	-1	-1
227	1	5	41	1	1	-1	-1
228	1	5	42	1	1	-1	-1
229	1	5	43	1	1	-1	-1
230	1	5	44	1	1	-1	-1
231	1	5	45	1	1	-1	-1
232	1	5	46	1	1	-1	-1
233	1	5	47	1	1	-1	-1
234	1	5	48	1	1	-1	-1
235	1	5	49	1	1	-1	-1
236	1	5	50	0	1	-1	-1
237	1	5	51	0	1	-1	-1
238	1	5	52	0	1	-1	-1
239	1	5	53	0	1	-1	-1
240	1	5	54	0	1	-1	-1
241	1	5	55	0	1	-1	-1
242	1	5	56	0	1	-1	-1
243	1	5	57	0	1	-1	-1
244	1	5	58	0	1	-1	-1
245	1	5	59	0	1	-1	-1
246	1	5	60	0	1	-1	-1
247	1	5	62	0	1	-1	-1
248	1	5	63	0	1	-1	-1
249	1	5	65	0	1	-1	-1
250	1	6	1	0	1	-1	-1
251	1	6	2	0	1	-1	-1
252	1	6	3	0	1	-1	-1
253	1	6	4	0	1	-1	-1
254	1	6	5	0	1	-1	-1
255	1	6	6	0	1	-1	-1
256	1	6	7	0	1	-1	-1
257	1	6	8	0	1	-1	-1
258	1	6	9	0	1	-1	-1
259	1	6	10	0	1	-1	-1
260	1	6	11	0	1	-1	-1
261	1	6	12	0	1	-1	-1
262	1	6	13	0	1	-1	-1
263	1	6	14	0	1	-1	-1
264	1	6	15	0	1	-1	-1
265	1	6	16	0	1	-1	-1
266	1	6	17	0	1	-1	-1
267	1	6	18	0	1	-1	-1
268	1	6	19	0	1	-1	-1
269	1	6	20	0	1	-1	-1
270	1	6	21	0	1	-1	-1
271	1	6	23	0	1	-1	-1
272	1	6	25	0	1	-1	-1
273	1	6	27	0	1	-1	-1
274	1	6	29	0	1	-1	-1
275	1	6	31	0	1	-1	-1
276	1	6	33	0	1	-1	-1
277	1	6	35	1	1	-1	-1
278	1	6	36	1	1	-1	-1
279	1	6	37	1	1	-1	-1
280	1	6	38	1	1	-1	-1
281	1	6	39	1	1	-1	-1
282	1	6	40	1	1	-1	-1
283	1	6	41	1	1	-1	-1
284	1	6	42	1	1	-1	-1
285	1	6	43	1	1	-1	-1
286	1	6	44	1	1	-1	-1
287	1	6	45	1	1	-1	-1
288	1	6	46	1	1	-1	-1
289	1	6	47	1	1	-1	-1
290	1	6	48	1	1	-1	-1
291	1	6	49	1	1	-1	-1
292	1	6	50	0	1	-1	-1
293	1	6	51	0	1	-1	-1
294	1	6	52	0	1	-1	-1
295	1	6	53	0	1	-1	-1
296	1	6	54	0	1	-1	-1
297	1	6	55	0	1	-1	-1
298	1	6	56	0	1	-1	-1
299	1	6	57	0	1	-1	-1
300	1	6	58	0	1	-1	-1
301	1	6	59	0	1	-1	-1
302	1	6	60	0	1	-1	-1
303	1	6	62	0	1	-1	-1
304	1	6	63	0	1	-1	-1
305	1	6	65	0	1	-1	-1
306	1	7	1	0	2	-1	-1
307	1	7	2	0	2	-1	-1
308	1	7	3	0	2	-1	-1
309	1	7	4	0	2	-1	-1
310	1	7	5	0	2	-1	-1
311	1	7	6	0	2	-1	-1
312	1	7	7	0	2	-1	-1
313	1	7	8	0	2	-1	-1
314	1	7	9	0	2	-1	-1
315	1	7	10	0	2	-1	-1
316	1	7	11	0	2	-1	-1
317	1	7	12	0	2	-1	-1
318	1	7	13	0	2	-1	-1
319	1	7	14	0	2	-1	-1
320	1	7	15	0	2	-1	-1
321	1	7	16	0	2	-1	-1
322	1	7	17	0	2	-1	-1
323	1	7	18	0	2	-1	-1
324	1	7	19	0	2	-1	-1
325	1	7	20	0	2	-1	-1
326	1	7	21	0	2	-1	-1
327	1	7	23	0	2	-1	-1
328	1	7	25	0	2	-1	-1
329	1	7	27	0	2	-1	-1
330	1	7	29	0	2	-1	-1